idx	label	predict	radius	correct	time
0	0	0	0.0355	1	0:00:46.621108
100	2	2	0.953	1	0:00:43.719865
200	4	395	0.425	0	0:00:43.723809
300	6	6	0.953	1	0:00:43.723883
400	8	8	0.953	1	0:00:43.732795
500	10	10	0.953	1	0:00:43.704895
600	12	12	0.163	1	0:00:43.727885
700	14	14	0.953	1	0:00:43.716324
800	16	16	0.953	1	0:00:43.738389
900	18	18	0.422	1	0:00:43.727159
1000	20	20	0.953	1	0:00:43.731671
1100	22	21	0.953	0	0:00:43.714152
1200	24	24	0.953	1	0:00:43.723837
1300	26	394	0.935	0	0:00:43.717275
1400	28	123	0.143	0	0:00:43.733407
1500	30	30	0.922	1	0:00:43.739609
1600	32	-1	0.0	0	0:00:43.723521
1700	34	-1	0.0	0	0:00:43.727311
1800	36	35	0.953	0	0:00:43.722169
1900	38	-1	0.0	0	0:00:43.720854
2000	40	40	0.189	1	0:00:43.733580
2100	42	48	0.682	0	0:00:43.726630
2200	44	44	0.953	1	0:00:43.734536
2300	46	40	0.833	0	0:00:43.739953
2400	48	48	0.49	1	0:00:43.741284
2500	50	50	0.807	1	0:00:43.736470
2600	52	329	0.568	0	0:00:43.722173
2700	54	57	0.953	0	0:00:43.741877
2800	56	56	0.953	1	0:00:43.750514
2900	58	114	0.67	0	0:00:43.746444
3000	60	61	0.357	0	0:00:43.741645
3100	62	61	0.315	0	0:00:43.725524
3200	64	64	0.953	1	0:00:43.729308
3300	66	42	0.595	0	0:00:43.739703
3400	68	111	0.953	0	0:00:43.737880
3500	70	70	0.953	1	0:00:43.736007
3600	72	72	0.953	1	0:00:43.738418
3700	74	74	0.464	1	0:00:43.727951
3800	76	76	0.76	1	0:00:43.718657
3900	78	78	0.953	1	0:00:43.724137
4000	80	80	0.953	1	0:00:43.727824
4100	82	82	0.953	1	0:00:43.723201
4200	84	84	0.953	1	0:00:43.741303
4300	86	86	0.953	1	0:00:43.736904
4400	88	88	0.813	1	0:00:43.729850
4500	90	90	0.953	1	0:00:43.743896
4600	92	92	0.881	1	0:00:43.737017
4700	94	94	0.953	1	0:00:43.733618
4800	96	96	0.953	1	0:00:43.739342
4900	98	98	0.385	1	0:00:43.718141
5000	100	100	0.953	1	0:00:43.736320
5100	102	102	0.953	1	0:00:43.729576
5200	104	104	0.793	1	0:00:43.736044
5300	106	106	0.71	1	0:00:43.724706
5400	108	470	0.953	0	0:00:43.744847
5500	110	110	0.953	1	0:00:43.739944
5600	112	112	0.953	1	0:00:43.731559
5700	114	113	0.953	0	0:00:43.732313
5800	116	116	0.953	1	0:00:43.743570
5900	118	118	0.953	1	0:00:43.743956
6000	120	122	0.0371	0	0:00:43.736161
6100	122	122	0.953	1	0:00:43.743490
6200	124	123	0.644	0	0:00:43.749143
6300	126	126	0.953	1	0:00:43.733628
6400	128	128	0.953	1	0:00:43.725431
6500	130	130	0.953	1	0:00:43.725083
6600	132	132	0.953	1	0:00:43.724571
6700	134	132	0.953	0	0:00:43.724292
6800	136	136	0.953	1	0:00:43.735279
6900	138	138	0.953	1	0:00:43.735608
7000	140	140	0.953	1	0:00:43.733402
7100	142	142	0.126	1	0:00:43.732556
7200	144	144	0.873	1	0:00:43.717535
7300	146	99	0.00107	0	0:00:43.731959
7400	148	148	0.953	1	0:00:43.727363
7500	150	360	0.953	0	0:00:43.736263
7600	152	152	0.877	1	0:00:43.738876
7700	154	154	0.953	1	0:00:43.733891
7800	156	156	0.953	1	0:00:43.729747
7900	158	158	0.62	1	0:00:43.734281
8000	160	160	0.953	1	0:00:43.727204
8100	162	162	0.953	1	0:00:43.738005
8200	164	164	0.792	1	0:00:43.745673
8300	166	166	0.177	1	0:00:43.734346
8400	168	341	0.305	0	0:00:43.733247
8500	170	-1	0.0	0	0:00:43.729853
8600	172	172	0.211	1	0:00:43.733925
8700	174	174	0.748	1	0:00:43.737898
8800	176	176	0.953	1	0:00:43.728965
8900	178	178	0.953	1	0:00:43.726947
9000	180	180	0.0919	1	0:00:43.728553
9100	182	760	0.476	0	0:00:43.743553
9200	184	189	0.17	0	0:00:43.730192
9300	186	192	0.898	0	0:00:43.727794
9400	188	188	0.432	1	0:00:43.729139
9500	190	190	0.953	1	0:00:43.723078
9600	192	199	0.953	0	0:00:43.731310
9700	194	825	0.0386	0	0:00:43.737864
9800	196	199	0.953	0	0:00:43.739813
9900	198	198	0.254	1	0:00:43.737042
10000	200	200	0.373	1	0:00:43.726170
10100	202	202	0.538	1	0:00:43.720111
10200	204	204	0.587	1	0:00:43.717524
10300	206	206	0.953	1	0:00:43.714571
10400	208	208	0.892	1	0:00:43.726560
10500	210	210	0.935	1	0:00:43.719987
10600	212	-1	0.0	0	0:00:43.725094
10700	214	-1	0.0	0	0:00:43.717338
10800	216	216	0.953	1	0:00:43.721372
10900	218	218	0.953	1	0:00:43.728396
11000	220	220	0.953	1	0:00:43.726396
11100	222	222	0.46	1	0:00:43.716204
11200	224	283	0.0144	0	0:00:43.736931
11300	226	226	0.953	1	0:00:43.725019
11400	228	228	0.953	1	0:00:43.728603
11500	230	230	0.935	1	0:00:43.721775
11600	232	232	0.953	1	0:00:43.731645
11700	234	234	0.241	1	0:00:43.726708
11800	236	522	0.19	0	0:00:43.724907
11900	238	238	0.619	1	0:00:43.724600
12000	240	238	0.953	0	0:00:43.720423
12100	242	242	0.733	1	0:00:43.720692
12200	244	244	0.953	1	0:00:43.728443
12300	246	172	0.179	0	0:00:43.721828
12400	248	248	0.953	1	0:00:43.715725
12500	250	248	0.189	0	0:00:43.726839
12600	252	252	0.898	1	0:00:43.724326
12700	254	254	0.134	1	0:00:43.728755
12800	256	256	0.953	1	0:00:43.720051
12900	258	258	0.849	1	0:00:43.715505
13000	260	260	0.953	1	0:00:43.722646
13100	262	262	0.953	1	0:00:43.730726
13200	264	232	0.00558	0	0:00:43.716051
13300	266	266	0.583	1	0:00:43.712985
13400	268	268	0.953	1	0:00:43.724955
13500	270	270	0.953	1	0:00:43.725497
13600	272	274	0.523	0	0:00:43.724511
13700	274	274	0.953	1	0:00:43.725380
13800	276	276	0.953	1	0:00:43.714512
13900	278	278	0.953	1	0:00:43.721056
14000	280	280	0.953	1	0:00:43.732158
14100	282	282	0.953	1	0:00:43.729321
14200	284	284	0.953	1	0:00:43.717034
14300	286	286	0.953	1	0:00:43.725648
14400	288	288	0.208	1	0:00:43.729994
14500	290	290	0.953	1	0:00:43.728333
14600	292	290	0.953	0	0:00:43.729696
14700	294	294	0.953	1	0:00:43.730923
14800	296	296	0.234	1	0:00:43.724895
14900	298	-1	0.0	0	0:00:43.720798
15000	300	300	0.953	1	0:00:43.723885
15100	302	302	0.905	1	0:00:43.727324
15200	304	301	0.264	0	0:00:43.735316
15300	306	306	0.953	1	0:00:43.738332
15400	308	308	0.953	1	0:00:43.725840
15500	310	310	0.953	1	0:00:43.727583
15600	312	312	0.0379	1	0:00:43.733902
15700	314	304	0.758	0	0:00:43.724007
15800	316	316	0.953	1	0:00:43.721104
15900	318	318	0.953	1	0:00:43.729331
16000	320	320	0.953	1	0:00:43.723076
16100	322	322	0.953	1	0:00:43.725166
16200	324	324	0.953	1	0:00:43.739542
16300	326	326	0.953	1	0:00:43.725105
16400	328	328	0.953	1	0:00:43.729566
16500	330	330	0.898	1	0:00:43.722211
16600	332	259	0.0123	0	0:00:43.717400
16700	334	334	0.953	1	0:00:43.721840
16800	336	336	0.953	1	0:00:43.731324
16900	338	617	0.0986	0	0:00:43.719725
17000	340	340	0.953	1	0:00:43.724418
17100	342	342	0.731	1	0:00:43.723453
17200	344	344	0.953	1	0:00:43.723313
17300	346	346	0.401	1	0:00:43.723002
17400	348	348	0.953	1	0:00:43.724004
17500	350	350	0.953	1	0:00:43.730973
17600	352	352	0.953	1	0:00:43.725917
17700	354	354	0.953	1	0:00:43.719509
17800	356	271	0.32	0	0:00:43.717912
17900	358	359	0.953	0	0:00:43.715684
18000	360	360	0.953	1	0:00:43.726084
18100	362	362	0.953	1	0:00:43.733003
18200	364	364	0.953	1	0:00:43.731568
18300	366	366	0.953	1	0:00:43.732083
18400	368	368	0.953	1	0:00:43.723449
18500	370	370	0.953	1	0:00:43.717596
18600	372	372	0.953	1	0:00:43.725937
18700	374	367	0.129	0	0:00:43.733843
18800	376	376	0.953	1	0:00:43.732445
18900	378	370	0.474	0	0:00:43.724676
19000	380	380	0.953	1	0:00:43.726089
19100	382	382	0.953	1	0:00:43.728555
19200	384	284	0.00851	0	0:00:43.730110
19300	386	101	0.892	0	0:00:43.722596
19400	388	388	0.953	1	0:00:43.725600
19500	390	390	0.953	1	0:00:43.718005
19600	392	397	0.953	0	0:00:43.727796
19700	394	858	0.066	0	0:00:43.731530
19800	396	396	0.953	1	0:00:43.728765
19900	398	398	0.953	1	0:00:43.731037
20000	400	400	0.953	1	0:00:43.737909
20100	402	420	0.285	0	0:00:43.739862
20200	404	404	0.953	1	0:00:43.720142
20300	406	406	0.505	1	0:00:43.724860
20400	408	847	0.605	0	0:00:43.727908
20500	410	849	0.373	0	0:00:43.730531
20600	412	412	0.735	1	0:00:43.733861
20700	414	414	0.953	1	0:00:43.729042
20800	416	416	0.953	1	0:00:43.719453
20900	418	563	0.953	0	0:00:43.716876
21000	420	420	0.702	1	0:00:43.722482
21100	422	543	0.0766	0	0:00:43.731004
21200	424	454	0.492	0	0:00:43.726606
21300	426	426	0.953	1	0:00:43.725678
21400	428	428	0.953	1	0:00:43.726486
21500	430	430	0.953	1	0:00:43.717662
21600	432	432	0.953	1	0:00:43.728361
21700	434	911	0.222	0	0:00:43.725292
21800	436	436	0.953	1	0:00:43.719498
21900	438	647	0.2	0	0:00:43.723791
22000	440	406	0.3	0	0:00:43.735368
22100	442	442	0.953	1	0:00:43.716289
22200	444	808	0.205	0	0:00:43.727558
22300	446	446	0.953	1	0:00:43.721460
22400	448	448	0.667	1	0:00:43.720466
22500	450	450	0.953	1	0:00:43.719268
22600	452	452	0.953	1	0:00:43.731059
22700	454	454	0.953	1	0:00:43.725262
22800	456	522	0.935	0	0:00:43.725999
22900	458	458	0.953	1	0:00:43.735828
23000	460	976	0.0369	0	0:00:43.726357
23100	462	462	0.447	1	0:00:43.721946
23200	464	674	0.0253	0	0:00:43.710182
23300	466	466	0.953	1	0:00:43.728549
23400	468	468	0.953	1	0:00:43.723895
23500	470	832	0.696	0	0:00:43.722608
23600	472	472	0.953	1	0:00:43.719931
23700	474	465	0.396	0	0:00:43.726963
23800	476	476	0.953	1	0:00:43.730904
23900	478	745	0.407	0	0:00:43.714765
24000	480	624	0.136	0	0:00:43.727209
24100	482	788	0.739	0	0:00:43.734715
24200	484	871	0.953	0	0:00:43.712660
24300	486	486	0.0419	1	0:00:43.719844
24400	488	488	0.672	1	0:00:43.734488
24500	490	490	0.512	1	0:00:43.733427
24600	492	492	0.953	1	0:00:43.725513
24700	494	827	0.711	0	0:00:43.718616
24800	496	411	0.745	0	0:00:43.726918
24900	498	498	0.953	1	0:00:43.715599
25000	500	500	0.953	1	0:00:47.181880
25100	502	502	0.953	1	0:00:43.827778
25200	504	470	0.335	0	0:00:43.830778
25300	506	506	0.953	1	0:00:43.832882
25400	508	508	0.953	1	0:00:43.825325
25500	510	510	0.953	1	0:00:43.827394
25600	512	589	0.276	0	0:00:43.827456
25700	514	514	0.953	1	0:00:43.823324
25800	516	-1	0.0	0	0:00:43.827532
25900	518	518	0.953	1	0:00:43.823917
26000	520	520	0.953	1	0:00:43.823175
26100	522	522	0.953	1	0:00:43.825726
26200	524	-1	0.0	0	0:00:43.825119
26300	526	527	0.807	0	0:00:43.821768
26400	528	674	0.258	0	0:00:43.825075
26500	530	530	0.18	1	0:00:43.821743
26600	532	532	0.41	1	0:00:43.823574
26700	534	568	0.00436	0	0:00:43.829363
26800	536	403	0.881	0	0:00:43.820777
26900	538	538	0.953	1	0:00:43.822248
27000	540	540	0.953	1	0:00:43.825416
27100	542	477	0.522	0	0:00:43.828660
27200	544	926	0.953	0	0:00:43.822541
27300	546	546	0.953	1	0:00:43.824145
27400	548	548	0.953	1	0:00:43.824202
27500	550	505	0.953	0	0:00:43.825095
27600	552	552	0.953	1	0:00:43.833529
27700	554	554	0.953	1	0:00:43.823217
27800	556	703	0.0995	0	0:00:43.825935
27900	558	212	0.203	0	0:00:43.824420
28000	560	430	0.107	0	0:00:43.825659
28100	562	562	0.953	1	0:00:43.822478
28200	564	669	0.655	0	0:00:43.812095
28300	566	566	0.953	1	0:00:43.813693
28400	568	568	0.108	1	0:00:43.812997
28500	570	-1	0.0	0	0:00:43.812849
28600	572	572	0.0934	1	0:00:43.815770
28700	574	574	0.953	1	0:00:43.810902
28800	576	758	0.647	0	0:00:43.808821
28900	578	578	0.539	1	0:00:43.819441
29000	580	738	0.953	0	0:00:43.823413
29100	582	778	0.12	0	0:00:43.823584
29200	584	754	0.684	0	0:00:43.816708
29300	586	586	0.953	1	0:00:43.819227
29400	588	588	0.953	1	0:00:43.815601
29500	590	590	0.0295	1	0:00:43.813554
29600	592	592	0.953	1	0:00:43.819188
29700	594	594	0.953	1	0:00:43.818038
29800	596	-1	0.0	0	0:00:43.818591
29900	598	598	0.132	1	0:00:43.811669
30000	600	600	0.682	1	0:00:43.813653
30100	602	602	0.953	1	0:00:43.813160
30200	604	799	0.309	0	0:00:43.817655
30300	606	606	0.953	1	0:00:43.809721
30400	608	655	0.266	0	0:00:43.819711
30500	610	841	0.0602	0	0:00:43.824104
30600	612	612	0.953	1	0:00:43.818198
30700	614	614	0.847	1	0:00:43.817034
30800	616	523	0.14	0	0:00:43.823380
30900	618	686	0.0717	0	0:00:43.820884
31000	620	575	0.046	0	0:00:43.824750
31100	622	622	0.953	1	0:00:43.811278
31200	624	519	0.0421	0	0:00:43.820833
31300	626	-1	0.0	0	0:00:43.818438
31400	628	440	0.0801	0	0:00:43.817889
31500	630	703	0.726	0	0:00:43.822057
31600	632	632	0.953	1	0:00:43.816740
31700	634	489	0.953	0	0:00:43.818706
31800	636	636	0.953	1	0:00:43.818820
31900	638	638	0.684	1	0:00:43.818106
32000	640	640	0.953	1	0:00:43.817404
32100	642	642	0.953	1	0:00:43.817449
32200	644	644	0.953	1	0:00:43.817223
32300	646	506	0.953	0	0:00:43.812393
32400	648	493	0.229	0	0:00:43.823463
32500	650	546	0.922	0	0:00:43.826031
32600	652	652	0.544	1	0:00:43.820704
32700	654	436	0.898	0	0:00:43.817509
32800	656	436	0.272	0	0:00:43.817654
32900	658	658	0.953	1	0:00:43.821990
33000	660	660	0.953	1	0:00:43.822541
33100	662	662	0.116	1	0:00:43.815688
33200	664	851	0.223	0	0:00:43.818957
33300	666	659	0.953	0	0:00:43.815670
33400	668	123	0.133	0	0:00:43.827554
33500	670	670	0.953	1	0:00:43.825560
33600	672	672	0.886	1	0:00:43.810341
33700	674	428	0.021	0	0:00:43.820174
33800	676	928	0.369	0	0:00:43.822989
33900	678	678	0.953	1	0:00:43.822432
34000	680	728	0.265	0	0:00:43.822236
34100	682	682	0.307	1	0:00:43.821300
34200	684	684	0.415	1	0:00:43.819814
34300	686	535	0.252	0	0:00:43.820506
34400	688	688	0.953	1	0:00:43.823847
34500	690	690	0.953	1	0:00:43.826871
34600	692	781	0.758	0	0:00:43.819155
34700	694	694	0.953	1	0:00:43.825482
34800	696	-1	0.0	0	0:00:43.824512
34900	698	663	0.248	0	0:00:43.820682
35000	700	700	0.0622	1	0:00:43.816684
35100	702	422	0.953	0	0:00:43.822393
35200	704	704	0.953	1	0:00:43.824783
35300	706	-1	0.0	0	0:00:43.816761
35400	708	682	0.709	0	0:00:43.818251
35500	710	855	0.142	0	0:00:43.823008
35600	712	-1	0.0	0	0:00:43.821189
35700	714	714	0.953	1	0:00:43.821096
35800	716	716	0.953	1	0:00:43.823672
35900	718	449	0.467	0	0:00:43.817447
36000	720	951	0.877	0	0:00:43.820814
36100	722	722	0.953	1	0:00:43.820823
36200	724	780	0.953	0	0:00:43.817287
36300	726	726	0.953	1	0:00:43.819635
36400	728	728	0.953	1	0:00:43.821697
36500	730	856	0.0507	0	0:00:43.819671
36600	732	732	0.953	1	0:00:43.819806
36700	734	734	0.953	1	0:00:43.818548
36800	736	736	0.953	1	0:00:43.819908
36900	738	738	0.761	1	0:00:43.823288
37000	740	795	0.151	0	0:00:43.823807
37100	742	466	0.282	0	0:00:43.812904
37200	744	744	0.827	1	0:00:43.813672
37300	746	746	0.953	1	0:00:43.821864
37400	748	748	0.953	1	0:00:43.823651
37500	750	208	0.167	0	0:00:43.815619
37600	752	765	0.351	0	0:00:43.821047
37700	754	754	0.534	1	0:00:43.810136
37800	756	756	0.953	1	0:00:43.817055
37900	758	758	0.774	1	0:00:43.823234
38000	760	-1	0.0	0	0:00:43.814386
38100	762	762	0.953	1	0:00:43.817482
38200	764	650	0.28	0	0:00:43.819189
38300	766	766	0.455	1	0:00:43.817820
38400	768	768	0.953	1	0:00:43.816029
38500	770	770	0.515	1	0:00:43.815749
38600	772	772	0.953	1	0:00:43.814442
38700	774	774	0.953	1	0:00:43.820042
38800	776	875	0.953	0	0:00:43.821949
38900	778	480	0.463	0	0:00:43.821039
39000	780	484	0.818	0	0:00:43.814694
39100	782	598	0.716	0	0:00:43.812452
39200	784	891	0.178	0	0:00:43.818494
39300	786	401	0.399	0	0:00:43.819142
39400	788	702	0.672	0	0:00:43.817238
39500	790	791	0.953	0	0:00:43.817135
39600	792	792	0.953	1	0:00:43.821386
39700	794	794	0.953	1	0:00:43.820260
39800	796	796	0.953	1	0:00:43.821588
39900	798	798	0.953	1	0:00:43.815033
40000	800	800	0.953	1	0:00:43.818704
40100	802	802	0.953	1	0:00:43.814387
40200	804	804	0.827	1	0:00:43.818533
40300	806	806	0.953	1	0:00:43.818352
40400	808	808	0.935	1	0:00:43.823076
40500	810	810	0.721	1	0:00:43.811909
40600	812	812	0.953	1	0:00:43.818609
40700	814	814	0.244	1	0:00:43.811129
40800	816	816	0.953	1	0:00:43.812746
40900	818	745	0.365	0	0:00:43.817530
41000	820	820	0.295	1	0:00:43.814367
41100	822	822	0.953	1	0:00:43.823071
41200	824	824	0.953	1	0:00:43.822297
41300	826	826	0.602	1	0:00:43.821069
41400	828	818	0.799	0	0:00:43.817244
41500	830	491	0.366	0	0:00:43.820437
41600	832	832	0.953	1	0:00:43.819059
41700	834	834	0.855	1	0:00:43.816225
41800	836	-1	0.0	0	0:00:43.819853
41900	838	631	0.953	0	0:00:43.815947
42000	840	840	0.953	1	0:00:43.814267
42100	842	842	0.953	1	0:00:43.814234
42200	844	844	0.953	1	0:00:43.811851
42300	846	583	0.123	0	0:00:43.817235
42400	848	598	0.211	0	0:00:43.822936
42500	850	850	0.953	1	0:00:43.818660
42600	852	852	0.953	1	0:00:43.813599
42700	854	854	0.707	1	0:00:43.818125
42800	856	856	0.514	1	0:00:43.820296
42900	858	-1	0.0	0	0:00:43.815239
43000	860	455	0.0666	0	0:00:43.817676
43100	862	862	0.409	1	0:00:43.819138
43200	864	864	0.0853	1	0:00:43.817309
43300	866	866	0.212	1	0:00:43.819306
43400	868	967	0.441	0	0:00:43.820780
43500	870	870	0.953	1	0:00:43.819333
43600	872	840	0.953	0	0:00:43.818714
43700	874	874	0.953	1	0:00:43.811033
43800	876	648	0.483	0	0:00:43.806839
43900	878	878	0.953	1	0:00:43.814465
44000	880	870	0.816	0	0:00:43.821825
44100	882	648	0.318	0	0:00:43.817306
44200	884	884	0.953	1	0:00:43.816027
44300	886	886	0.953	1	0:00:43.815006
44400	888	718	0.953	0	0:00:43.813749
44500	890	890	0.953	1	0:00:43.818705
44600	892	442	0.235	0	0:00:43.815713
44700	894	894	0.953	1	0:00:43.813477
44800	896	896	0.4	1	0:00:43.818312
44900	898	855	0.0444	0	0:00:43.820136
45000	900	900	0.953	1	0:00:43.811997
45100	902	902	0.953	1	0:00:43.817534
45200	904	905	0.953	0	0:00:43.817795
45300	906	906	0.953	1	0:00:43.819044
45400	908	895	0.953	0	0:00:43.815645
45500	910	641	0.953	0	0:00:43.823575
45600	912	559	0.0421	0	0:00:43.819903
45700	914	914	0.953	1	0:00:43.814459
45800	916	916	0.953	1	0:00:43.814556
45900	918	918	0.953	1	0:00:43.817193
46000	920	-1	0.0	0	0:00:43.816042
46100	922	922	0.953	1	0:00:43.813498
46200	924	924	0.953	1	0:00:43.818513
46300	926	926	0.953	1	0:00:43.822662
46400	928	927	0.935	0	0:00:43.814723
46500	930	930	0.596	1	0:00:43.813022
46600	932	932	0.913	1	0:00:43.821564
46700	934	934	0.173	1	0:00:43.821086
46800	936	936	0.953	1	0:00:43.823108
46900	938	938	0.737	1	0:00:43.822487
47000	940	940	0.543	1	0:00:43.816995
47100	942	942	0.953	1	0:00:43.817653
47200	944	946	0.953	0	0:00:43.821126
47300	946	946	0.953	1	0:00:43.822205
47400	948	948	0.953	1	0:00:43.812104
47500	950	950	0.935	1	0:00:43.817130
47600	952	90	0.953	0	0:00:43.819715
47700	954	954	0.953	1	0:00:43.818796
47800	956	956	0.953	1	0:00:43.814068
47900	958	483	0.935	0	0:00:43.819409
48000	960	960	0.842	1	0:00:43.825490
48100	962	962	0.953	1	0:00:43.820074
48200	964	38	0.28	0	0:00:43.813541
48300	966	630	0.358	0	0:00:43.820689
48400	968	968	0.953	1	0:00:43.820400
48500	970	795	0.953	0	0:00:43.813263
48600	972	979	0.953	0	0:00:43.809475
48700	974	974	0.953	1	0:00:43.817093
48800	976	972	0.218	0	0:00:43.815130
48900	978	-1	0.0	0	0:00:43.813960
49000	980	980	0.953	1	0:00:43.805581
49100	982	982	0.953	1	0:00:43.813659
49200	984	984	0.953	1	0:00:43.805157
49300	986	986	0.953	1	0:00:43.810239
49400	988	988	0.289	1	0:00:43.813743
49500	990	990	0.881	1	0:00:43.817469
49600	992	992	0.953	1	0:00:43.817082
49700	994	994	0.953	1	0:00:43.817621
49800	996	996	0.953	1	0:00:43.816605
49900	998	987	0.953	0	0:00:43.814358
